{
    "1C435217-1F56-4B14-B162-D5571841CD11/ExpandedNodes/9A55E42C-09CE-46A1-AA9A-151FC3E10F5F": "Box",
    "26C45DFB-64A9-45F1-97D0-30DE8F039F70/SelectedTimelineObject": "0 0 ",
    "26C45DFB-64A9-45F1-97D0-30DE8F039F70/UnfoldedTimelineNodes/6BCCE26A-0732-4E59-9224-90A9C816D98F": "Box",
    "Camera/Position/X": 4.427720546722412,
    "Camera/Position/Y": 3.0683326721191406,
    "Camera/Position/Z": 6.131815433502197,
    "Camera/Rotation/W": 0.9338945150375366,
    "Camera/Rotation/X": -0.18222172558307648,
    "Camera/Rotation/Y": 0.30193382501602173,
    "Camera/Rotation/Z": 0.05891338363289833,
    "Camera/Type": 0,
    "Editor/ValueDraggerStepSize": 10,
    "SnapTypePosiotion/SnapPreset1": 0.5,
    "SnapTypePosiotion/SnapPreset2": 1,
    "SnapTypePosiotion/SnapPresetSelected": 0,
    "SnapTypeRotation/SnapPreset1": 45,
    "SnapTypeRotation/SnapPreset2": 90,
    "SnapTypeRotation/SnapPresetSelected": 0,
    "export/projectName": "Simple Animation"
}
